time, packet_number, accx, accy, accz, gyrx, gyry, gyrz, qw, qx, qy, qz, temp
time, packet_number, accx, accy, accz, gyrx, gyry, gyrz, qw, qx, qy, qz, temp
 , 0, 431.0, 19.0, 8213.0, 0.0, -1.0, -1.0, 0.8758544921875, 0.01434326171875, -0.0234375, 0.481689453125, 2185.0
 , 0, 451.0, 24.0, 8215.0, -1.0, 0.0, -1.0, 0.8758544921875, 0.01434326171875, -0.02349853515625, 0.481689453125, 3021.0
 , 0, 446.0, 23.0, 8214.0, -1.0, 0.0, 0.0, 0.8758544921875, 0.01434326171875, -0.02349853515625, 0.481689453125, 3028.0
 seconds: 1670343303
nanos: 650545000
, 512, 457.0, 19.0, 8198.0, 0.0, 0.0, 0.0, 0.8758544921875, 0.01434326171875, -0.02349853515625, 0.481689453125, 3532.0
 seconds: 1670343303
nanos: 650545000
, 512, 453.0, 24.0, 8204.0, 0.0, 0.0, 0.0, 0.8758544921875, 0.01434326171875, -0.02349853515625, 0.481689453125, 3539.0
 , 0, 444.0, 23.0, 8211.0, -1.0, -1.0, -1.0, 0.8758544921875, 0.01434326171875, -0.0234375, 0.481689453125, 4565.0
 , 0, 452.0, 22.0, 8212.0, 0.0, -1.0, 0.0, 0.8758544921875, 0.01434326171875, -0.02337646484375, 0.481689453125, 4673.0
 , 0, 450.0, 24.0, 8208.0, -1.0, -1.0, -1.0, 0.87591552734375, 0.01434326171875, -0.02337646484375, 0.48162841796875, 5668.0
 , 0, 450.0, 18.0, 8213.0, -1.0, -1.0, -1.0, 0.87591552734375, 0.01434326171875, -0.0234375, 0.4815673828125, 5912.0
 , 0, 455.0, 23.0, 8209.0, -1.0, 0.0, -1.0, 0.87591552734375, 0.01434326171875, -0.02349853515625, 0.4815673828125, 6370.0
 , 0, 452.0, 28.0, 8201.0, -1.0, -1.0, -1.0, 0.87591552734375, 0.014404296875, -0.0234375, 0.48162841796875, 6515.0
 , 0, 460.0, 30.0, 8212.0, 0.0, -1.0, -1.0, 0.87591552734375, 0.014404296875, -0.02349853515625, 0.48162841796875, 6647.0
 , 0, 454.0, 27.0, 8207.0, -1.0, 0.0, 0.0, 0.87591552734375, 0.01446533203125, -0.02349853515625, 0.48162841796875, 6753.0
 , 1131, 440.0, 20.0, 8202.0, -1.0, 0.0, -1.0, 0.87591552734375, 0.014404296875, -0.02337646484375, 0.48162841796875, 7859.0
 , 1131, 442.0, 20.0, 8203.0, -1.0, 0.0, -1.0, 0.87591552734375, 0.01434326171875, -0.02337646484375, 0.48162841796875, 7866.0
 , 0, 452.0, 18.0, 8205.0, 0.0, -1.0, -1.0, 0.8758544921875, 0.014404296875, -0.0233154296875, 0.481689453125, 9535.0
 , 0, 465.0, 20.0, 8196.0, 0.0, -1.0, -1.0, 0.8758544921875, 0.01446533203125, -0.0234375, 0.48175048828125, 10325.0
 , 0, 445.0, 22.0, 8188.0, -1.0, -1.0, 0.0, 0.8758544921875, 0.014404296875, -0.0233154296875, 0.48175048828125, 11579.0
 seconds: 1670343312
nanos: 179222000
, 1727, 453.0, 24.0, 8205.0, -1.0, 0.0, 0.0, 0.87579345703125, 0.01446533203125, -0.02337646484375, 0.48175048828125, 12061.0
 seconds: 1670343312
nanos: 179222000
, 1727, 453.0, 24.0, 8206.0, -1.0, 0.0, -1.0, 0.87579345703125, 0.01446533203125, -0.02337646484375, 0.48175048828125, 12068.0
 , 2238, 1628.0, -1558.0, 7022.0, 21.0, 18.0, -1.0, 0.87493896484375, 0.00445556640625, -0.04571533203125, 0.48193359375, 15589.0
 , 2238, 1655.0, -1489.0, 7078.0, 22.0, 18.0, -1.0, 0.875, 0.0050048828125, -0.04437255859375, 0.48199462890625, 15596.0
 , 0, 1772.0, -1801.0, 6553.0, 7.0, 2.0, -2.0, 0.89031982421875, 0.0091552734375, -0.03350830078125, 0.45391845703125, 16392.0
 , 0, 3101.0, -23150.0, -19900.0, -19862.0, -7244.0, 15015.0, 0.453125, -0.0167236328125, -0.029541015625, 0.487548828125, 16835.0
 , 0, 430.0, -81.0, 8191.0, 0.0, 0.0, 0.0, 0.89093017578125, 0.012939453125, -0.02142333984375, 0.453369140625, 17701.0
 , 0, 413.0, 50.0, 8207.0, 0.0, 0.0, 0.0, 0.890869140625, 0.01251220703125, -0.02032470703125, 0.4534912109375, 18311.0
 , 0, 410.0, 44.0, 8212.0, 0.0, 0.0, 0.0, 0.890869140625, 0.01251220703125, -0.02032470703125, 0.4534912109375, 18318.0
